数据示例：⚠️包含股票，基金，债券等

代码	一手股数	名称	保留	价格小数位数	昨收	保留	保留
395001	100	主板Ａ股	34391	2	1485.000000	0	0
395002	100	主板Ｂ股	1874	2	39.000000	0	0
395004	100	创业板	2375	2	1384.000000	0	0
395005	100	主板DR	0	2	0.000000	0	0
395006	100	创业板DR	0	2	0.000000	0	0
395011	100	封闭基金	3910	2	0.000000	0	0
395012	100	ＬＯＦｓ	661	2	287.000000	0	0
395013	100	ＥＴＦｓ	4517	2	522.000000	0	0
395015	100	REITS	0	2	24.000000	0	0
395032	100	债券回购	0	2	9.000000	0	0
395033	100	债券现货	0	2	15552.000000	0	0
395034	100	ABS	0	2	1394.000000	0	0
395041	100	股票权证	20539	2	0.000000	0	0
395099	100	总 成 交	40837	2	2908.000000	0	0
399001	100	深证成指	2714857	2	11157.940430	0	0
399002	100	深成指R	2713767	2	14912.460938	0	0
399003	100	成份Ｂ指	1090	2	8702.625000	0	0
399004	100	深证100R	179964	2	6788.947266	0	0
399005	100	中小100	153054	2	6920.331543	0	0
399006	100	创业板指	1008762	2	2342.860840	0	0
399007	100	深证300	470050	2	4665.815430	0	0
399008	100	中小300	450637	2	1409.767822	0	0
399009	100	深证200	290085	2	4280.626465	0	0
399010	100	深证700	821420	2	7959.979492	0	0
399011	100	深证1000	1291470	2	5531.500488	0	0
399012	100	创业300	367551	2	3518.079102	0	0
399013	100	深市精选	596332	2	4887.765137	0	0
399015	100	中小创新	528424	2	2758.539795	0	0
399016	100	深证创新	111141	2	4711.927734	0	0
399017	100	SME创新	127670	2	4184.347656	0	0
399018	100	创业创新	79286	2	4933.552734	0	0
399019	100	创业200	260276	2	4204.340332	0	0
399020	100	创业小盘	212913	2	1683.075684	0	0
399030	100	碳科技30	25214	2	3093.062012	0	0
399050	100	创新引擎	70949	2	2614.949707	0	0
399060	100	碳科技60	70896	2	2668.712402	0	0
399088	100	深创100	117274	2	3844.791992	0	0
399100	100	新指数	2634683	2	10419.671875	0	0
399101	100	中小综指	1130930	2	12756.951172	0	0
399102	100	创业板综	1008762	2	3282.561035	0	0
399103	100	乐富指数	2047582	2	7992.466309	0	0
399106	100	深证综指	2714857	2	2224.625977	0	0
399107	100	深证Ａ指	2713767	2	2327.145996	0	0
399108	100	深证Ｂ指	1090	2	1306.290649	0	0
399231	100	农林指数	22675	2	1336.699341	0	0
399232	100	采矿指数	28481	2	3037.125244	0	0
399233	100	制造指数	1729908	2	2878.318848	0	0
399234	100	水电指数	35560	2	890.950989	0	0
399235	100	建筑指数	37395	2	1014.989685	0	0
399236	100	批零指数	80435	2	1417.359497	0	0
399237	100	运输指数	26748	2	1211.003418	0	0
399238	100	餐饮指数	1205	2	1306.912109	0	0
399239	100	IT指数	298932	2	2074.970703	0	0
399240	100	金融指数	77372	2	1568.304443	0	0
399241	100	地产指数	52575	2	1196.742065	0	0
399242	100	商务指数	98326	2	1273.031738	0	0
399243	100	科研指数	33111	2	1510.184448	0	0
399244	100	公共指数	32113	2	572.227722	0	0
399248	100	文化指数	45031	2	981.364197	0	0
399249	100	综企指数	762	2	2387.539795	0	0
399258	100	绿色低碳	70480	2	3317.270508	0	0
399259	100	创业低碳	44806	2	3490.800049	0	0
399260	100	先进制造	98953	2	2855.544922	0	0
399261	100	创业制造	52137	2	3961.372070	0	0
399262	100	数字经济	88934	2	2096.356201	0	0
399263	100	创业数字	98030	2	2288.704102	0	0
399264	100	创业软件	92400	2	1488.961304	0	0
399265	100	创新药械	51023	2	1128.215210	0	0
399266	100	创新能源	38972	2	2403.617920	0	0
399267	100	专精特新	72909	2	1958.837769	0	0
399268	100	深小巨人	71911	2	1805.666504	0	0
399269	100	创质量	86556	2	5255.415039	0	0
399274	100	深新基建	82966	2	4354.023926	0	0
399275	100	创医药	63055	2	2874.107910	0	0
399276	100	创科技	57921	2	5454.795410	0	0
399277	100	公共健康	72967	2	2856.258545	0	0
399278	100	长江100	163625	2	1698.620728	0	0
399279	100	云科技50	99490	2	3574.205078	0	0
399280	100	生物50	57659	2	2226.318848	0	0
399281	100	电子50	92138	2	3596.134277	0	0
399282	100	大数据50	96504	2	4983.641113	0	0
399283	100	机器人50	67661	2	3760.126709	0	0
399284	100	AI 50	94640	2	3507.551270	0	0
399285	100	物联网50	87417	2	4529.885742	0	0
399286	100	区块链50	133103	2	3940.039063	0	0
399289	100	碳中和债	23	2	119.893997	0	0
399290	100	深转交债	3977	2	178.755203	0	0
399291	100	创精选88	114247	2	4034.887451	0	0
399292	100	民企发展	322561	2	1258.543213	0	0
399293	100	创业大盘	60889	2	4533.548828	0	0
399294	100	中小创Q	61398	2	2863.326660	0	0
399295	100	创价值	58578	2	4589.672852	0	0
399296	100	创成长	76768	2	4738.667480	0	0
399297	100	新浪100	86749	2	5683.163574	0	0
399298	100	深信中高	1857	2	212.423294	0	0
399299	100	深信中低	69	2	244.401703	0	0
399300	100	沪深300	760556	2	4114.666016	0	0
399301	100	深信用债	1857	2	216.255997	0	0
399302	100	深公司债	1823	2	220.334793	0	0
399303	100	国证2000	1611548	2	9062.765625	0	0
399306	100	深证ETF	2023075	2	1600.745850	0	0
399307	100	深证转债	13511	2	336.733185	0	0
399310	100	国证A50	148397	2	6714.085938	0	0
399311	100	国证1000	1700396	2	4349.977539	0	0
399312	100	国证300	660948	2	4658.361328	0	0
399313	100	巨潮100	302097	2	4928.238281	0	0
399314	100	巨潮大盘	619877	2	4564.964844	0	0
399315	100	巨潮中盘	412843	2	4031.055908	0	0
399316	100	巨潮小盘	667675	2	5225.120117	0	0
399317	100	国证Ａ指	4739306	2	6064.947754	0	0
399318	100	国证Ｂ指	2375	2	5343.723633	0	0
399319	100	资源优势	263703	2	2551.881592	0	0
399320	100	国证服务	141643	2	2160.379639	0	0
399321	100	国证红利	191486	2	7669.595215	0	0
399322	100	国证治理	118323	2	9029.389648	0	0
399324	100	深证红利	60196	2	8761.141602	0	0
399326	100	成长40	39860	2	4526.812988	0	0
399328	100	深证治理	40861	2	9012.864258	0	0
399330	100	深证100	179964	2	4803.486816	0	0
399333	100	中小100R	153054	2	8406.508789	0	0
399335	100	深证央企	72341	2	3926.533447	0	0
399337	100	深证民营	139912	2	4974.568848	0	0
399339	100	深证科技	151334	2	7183.994629	0	0
399341	100	深证责任	103146	2	1521.347168	0	0
399344	100	深证300R	470050	2	6128.163574	0	0
399346	100	深证成长	116959	2	3214.783691	0	0
399348	100	深证价值	185819	2	6083.720703	0	0
399350	100	皖江30	61854	2	2249.666260	0	0
399351	100	创新示范	135130	2	9517.341797	0	0
399352	100	深企综指	322151	2	9806.956055	0	0
399353	100	国证物流	60040	2	2165.280518	0	0
399354	100	分析师指	266976	2	7637.782227	0	0
399355	100	长三角	82994	2	3521.859131	0	0
399356	100	珠三角	85632	2	9741.115234	0	0
399357	100	环渤海	190031	2	3114.919189	0	0
399358	100	国证环保	69918	2	4372.938477	0	0
399359	100	国证基建	123666	2	2745.822754	0	0
399360	100	新硬件	164077	2	6713.564941	0	0
399361	100	在线消费	119045	2	3665.311768	0	0
399362	100	民企100	140757	2	6796.630371	0	0
399363	100	国证算力	70344	2	6004.771484	0	0
399364	100	消费100	172979	2	8915.583984	0	0
399365	100	国证粮食	39302	2	12193.867188	0	0
399366	100	能源金属	144870	2	1925.957153	0	0
399367	100	1000地产	33149	2	2794.751465	0	0
399368	100	国证军工	107802	2	8208.392578	0	0
399369	100	国证责任	132941	2	1483.139160	0	0
399370	100	国证成长	385254	2	4042.931885	0	0
399371	100	国证价值	559115	2	6873.469238	0	0
399372	100	大盘成长	118762	2	4196.902344	0	0
399373	100	大盘价值	212019	2	8529.694336	0	0
399374	100	中盘成长	84303	2	3662.258789	0	0
399375	100	中盘价值	154828	2	5202.085449	0	0
399376	100	小盘成长	182188	2	5095.806641	0	0
399377	100	小盘价值	192267	2	6935.054199	0	0
399378	100	ESG 300	518813	2	2531.910400	0	0
399379	100	国证基金	6166604	2	8290.700195	0	0
399380	100	国证ETF	6129775	2	1633.237671	0	0
399381	100	1000能源	46490	2	2872.757568	0	0
399382	100	1000材料	286672	2	2778.135010	0	0
399383	100	1000工业	369706	2	2473.276855	0	0
399384	100	1000可选	152491	2	3919.551025	0	0
399385	100	1000消费	29903	2	9669.140625	0	0
399386	100	1000医药	80292	2	6157.062500	0	0
399387	100	1000金融	316545	2	5726.205078	0	0
399388	100	1000信息	270389	2	5082.809570	0	0
399389	100	国证通信	101897	2	5394.791992	0	0
399390	100	1000公用	69231	2	2575.664795	0	0
399391	100	投资时钟	182372	2	3230.662109	0	0
399392	100	国证新兴	264326	2	2562.484375	0	0
399393	100	国证地产	59906	2	3226.862305	0	0
399394	100	国证医药	65096	2	9138.981445	0	0
399395	100	国证有色	132432	2	6397.078613	0	0
399396	100	国证食品	18158	2	18310.775391	0	0
399397	100	国证文化	135165	2	2141.331055	0	0
399398	100	绩效指数	69847	2	10347.996094	0	0
399399	100	中经GDP	519423	2	7363.125488	0	0
399400	100	大中盘	1032720	2	3687.233887	0	0
399401	100	中小盘	1080518	2	4124.564941	0	0
399402	100	周期100	290632	2	3178.270996	0	0
399403	100	防御100	99434	2	7855.245605	0	0
399405	100	大盘高贝	84692	2	2395.043701	0	0
399406	100	中盘低波	128019	2	12744.622070	0	0
399407	100	中盘高贝	145989	2	2502.067383	0	0
399408	100	小盘低波	201669	2	14558.889648	0	0
399409	100	小盘高贝	227301	2	5387.086914	0	0
399410	100	苏州率先	26797	2	2225.444580	0	0
399411	100	红利100	181381	2	3480.528809	0	0
399412	100	国证新能	69967	2	2284.143066	0	0
399413	100	国证转债	21833	2	173.505203	0	0
399415	100	I100	113249	2	6554.149902	0	0
399416	100	I300	158587	2	4369.172852	0	0
399417	100	新能源车	59659	2	2865.332031	0	0
399418	100	数据要素	91545	2	4057.227539	0	0
399419	100	国证高铁	61765	2	2027.752197	0	0
399420	100	国证保证	87786	2	1525.745361	0	0
399422	100	中关村A	407594	2	3246.277588	0	0
399423	100	中关村50	75374	2	2535.584229	0	0
399428	100	国证定增	126043	2	3835.688232	0	0
399429	100	新丝路	108836	2	1379.503784	0	0
399431	100	国证银行	145367	2	8534.669922	0	0
399432	100	智能汽车	48805	2	5039.070801	0	0
399433	100	国证交运	81868	2	1702.651733	0	0
399434	100	数字传媒	135360	2	2140.601318	0	0
399435	100	国证农牧	38051	2	3959.520020	0	0
399436	100	绿色煤炭	42325	2	3891.047119	0	0
399437	100	证券龙头	90385	2	6761.572754	0	0
399438	100	绿色电力	59903	2	1980.822510	0	0
399439	100	国证油气	49873	2	1685.022583	0	0
399440	100	国证钢铁	115145	2	1362.814819	0	0
399441	100	生物医药	32358	2	2337.685547	0	0
399481	100	企债指数	2485	2	128.040497	0	0
399550	100	央视50	104878	2	7673.605957	0	0
399551	100	央视创新	75513	2	8368.194336	0	0
399552	100	央视成长	78483	2	8035.455078	0	0
399553	100	央视回报	39239	2	6889.845703	0	0
399554	100	央视治理	103896	2	7469.231934	0	0
399555	100	央视责任	118832	2	5336.917969	0	0
399556	100	央视生态	71941	2	2347.498779	0	0
399557	100	央视文化	135165	2	1796.214966	0	0
399602	100	中小成长	140755	2	1037.632690	0	0
399604	100	中小价值	105647	2	1928.822388	0	0
399606	100	创业板R	125665	2	2591.658203	0	0
399608	100	科技100	149209	2	3182.264160	0	0
399610	100	TMT50	113323	2	6864.359375	0	0
399611	100	中创100R	143992	2	2485.556885	0	0
399612	100	中创100	143992	2	2112.383301	0	0
399613	100	深证能源	12453	2	3117.475342	0	0
399614	100	深证材料	156652	2	2795.137695	0	0
399615	100	深证工业	185937	2	3217.067627	0	0
399616	100	深证可选	133368	2	6335.143066	0	0
399617	100	深证消费	14031	2	9718.274414	0	0
399618	100	深证医药	63129	2	8704.852539	0	0
399619	100	深证金融	54587	2	7208.232422	0	0
399620	100	深证信息	258180	2	4662.551270	0	0
399621	100	深证电信	28187	2	6774.304199	0	0
399622	100	深证公用	16405	2	1647.225952	0	0
399623	100	中小基础	508256	2	7728.313965	0	0
399624	100	中创400	556986	2	2226.798584	0	0
399625	100	中创500	700979	2	1968.488037	0	0
399626	100	中创成长	189755	2	1507.738647	0	0
399627	100	中创价值	177553	2	2235.903076	0	0
399628	100	700成长	223266	2	2082.884521	0	0
399629	100	700价值	188045	2	2729.681885	0	0
399630	100	1000成长	344445	2	1366.518555	0	0
399631	100	1000价值	379006	2	2118.973633	0	0
399632	100	深100EW	179964	2	4433.875000	0	0
399633	100	深300EW	470050	2	5238.671387	0	0
399634	100	中小等权	153054	2	3611.847900	0	0
399635	100	创业板EW	125665	2	1717.286743	0	0
399636	100	深证装备	120639	2	5383.760254	0	0
399637	100	深证地产	25176	2	1681.406128	0	0
399638	100	深证环保	43856	2	5309.029785	0	0
399639	100	深证大宗	69684	2	1723.216064	0	0
399640	100	创业基础	658078	2	2391.302002	0	0
399641	100	深证新兴	361468	2	2227.591064	0	0
399642	100	中小新兴	205674	2	1872.516357	0	0
399643	100	创业新兴	138453	2	2862.333008	0	0
399644	100	深证时钟	140048	2	3488.861328	0	0
399645	100	100低波	90630	2	9128.684570	0	0
399646	100	深消费50	82858	2	7887.997070	0	0
399647	100	深医药50	56506	2	8502.394531	0	0
399648	100	深证GDP	172796	2	10795.716797	0	0
399649	100	中小红利	55266	2	2960.955078	0	0
399650	100	中小治理	49427	2	2126.266357	0	0
399651	100	中小责任	45364	2	1540.649170	0	0
399652	100	中创高新	65423	2	3531.950195	0	0
399653	100	深证龙头	98440	2	2490.694092	0	0
399654	100	深证文化	163224	2	2725.094238	0	0
399655	100	深证绩效	72578	2	10208.659180	0	0
399656	100	100绩效	179964	2	5616.967285	0	0
399657	100	300绩效	470050	2	6111.391113	0	0
399658	100	中小绩效	153054	2	4107.560059	0	0
399659	100	深成指EW	763046	2	4042.602295	0	0
399660	100	中创EW	143992	2	2160.064209	0	0
399661	100	深证低波	156059	2	5600.460938	0	0
399662	100	深证高贝	147769	2	1825.247192	0	0
399663	100	中小低波	110369	2	1855.374756	0	0
399664	100	中小高贝	196295	2	1241.150024	0	0
399665	100	中创低波	224085	2	2119.404785	0	0
399666	100	中创高贝	303961	2	1674.536133	0	0
399667	100	创业成长	80784	2	3773.529053	0	0
399668	100	创业板V	127413	2	4177.828125	0	0
399669	100	深证农业	31190	2	8153.738770	0	0
399670	100	深周期50	124852	2	3366.283203	0	0
399671	100	深防御50	86785	2	7856.992676	0	0
399672	100	深红利50	43140	2	4013.584717	0	0
399673	100	创业板50	88598	2	2348.455078	0	0
399674	100	深A医药	236172	2	2077.733887	0	0
399675	100	深互联网	214168	2	3424.659912	0	0
399676	100	深医药EW	236172	2	3957.297852	0	0
399677	100	深互联EW	214168	2	5823.765137	0	0
399678	100	深次新股	20707	2	560.163513	0	0
399679	100	深证200R	290085	2	5162.432617	0	0
399680	100	深成能源	8043	2	671.113892	0	0
399681	100	深成材料	110495	2	963.256104	0	0
399682	100	深成工业	132985	2	1431.266357	0	0
399683	100	深成可选	104809	2	1842.206543	0	0
399684	100	深成消费	16327	2	1902.831421	0	0
399685	100	深成医药	59783	2	1768.775269	0	0
399686	100	深成金融	74726	2	2168.588135	0	0
399687	100	深成信息	211021	2	3121.610107	0	0
399688	100	深成电信	21491	2	3378.867920	0	0
399689	100	深成公用	14840	2	826.670776	0	0
399692	100	创业低波	83089	2	3720.457520	0	0
399693	100	安防产业	93970	2	4959.290527	0	0
399694	100	创业高贝	178059	2	3555.956055	0	0
399695	100	深证节能	98222	2	2236.609619	0	0
399696	100	深证创投	181546	2	3091.702637	0	0
399697	100	中关村60	110936	2	3422.715332	0	0
399698	100	优势成长	24071	2	51833.070313	0	0
399699	100	金融科技	114247	2	4400.633789	0	0
399701	100	深证F60	155797	2	7584.924316	0	0
399702	100	深证F120	239541	2	6939.660645	0	0
399703	100	深证F200	339906	2	6793.661621	0	0
399704	100	深证上游	99436	2	4740.932617	0	0
399705	100	深证中游	220885	2	3088.792236	0	0
399706	100	深证下游	131823	2	5677.608887	0	0
399707	100	CSSW证券	132940	2	6561.143555	0	0
399750	100	深主板50	114458	2	8431.681641	0	0
399802	100	500深市	318803	2	5730.729980	0	0
399803	100	工业4.0	102699	2	4243.147461	0	0
399804	100	中证体育	39498	2	1851.746582	0	0
399805	100	互联金融	106567	2	3853.445801	0	0
399806	100	环境治理	51422	2	1307.408691	0	0
399807	100	高铁产业	49510	2	1337.624512	0	0
399808	100	中证新能	85003	2	1980.500732	0	0
399809	100	保险主题	88974	2	2433.085938	0	0
399810	100	CSSW传媒	176597	2	2983.874023	0	0
399811	100	CSSW电子	91437	2	4093.077881	0	0
399812	100	养老产业	51794	2	6455.902832	0	0
399813	100	中证国安	293992	2	7502.820801	0	0
399814	100	大农业	32001	2	1090.270020	0	0
399850	100	深证50	101774	2	7521.249023	0	0
399852	100	中证1000	991020	2	6862.149902	0	0
399901	100	小康指数	350796	2	6108.348633	0	0
399903	100	中证100	359227	2	3891.617676	0	0
399905	100	中证 500	670982	2	6337.542480	0	0
399913	100	300 医药	23703	2	8833.250000	0	0
399914	100	300 金融	213192	2	6822.584473	0	0
399928	100	中证能源	44505	2	2760.080078	0	0
399932	100	中证消费	20351	2	15895.690430	0	0
399933	100	中证医药	66925	2	8701.976563	0	0
399934	100	中证金融	324520	2	6370.126465	0	0
399935	100	中证信息	179740	2	4991.661133	0	0
399959	100	军工指数	46543	2	1688.480225	0	0
399965	100	800地产	26620	2	2750.798584	0	0
399966	100	800非银	132866	2	6406.148438	0	0
399967	100	中证军工	163971	2	12632.966797	0	0
399970	100	移动互联	255844	2	3552.270264	0	0
399971	100	中证传媒	125826	2	1350.443604	0	0
399972	100	300深市	207083	2	4645.806641	0	0
399973	100	中证国防	72959	2	1735.279541	0	0
399974	100	国企改革	217852	2	1764.204224	0	0
399975	100	证券公司	131672	2	855.012878	0	0
399976	100	CS新能车	46457	2	3123.402588	0	0
399982	100	500等权	670982	2	7862.049805	0	0
399983	100	地产等权	12808	2	2129.314697	0	0
399986	100	中证银行	165843	2	8108.879395	0	0
399987	100	中证酒	7227	2	5407.979492	0	0
399989	100	中证医疗	39814	2	7364.210938	0	0
399990	100	煤炭等权	34271	2	2933.274902	0	0
399991	100	一带一路	319013	2	2251.480713	0	0
399992	100	CSWD并购	83974	2	1845.429443	0	0
399993	100	CSWD生科	72528	2	2928.277100	0	0
399994	100	信息安全	102997	2	1771.965332	0	0
399995	100	基建工程	87948	2	3795.923096	0	0
399996	100	智能家居	134088	2	3791.448975	0	0
399997	100	中证白酒	4167	2	9453.756836	0	0
399998	100	中证煤炭	34271	2	2043.973267	0	0
395000	100	辅助代码	0	2	0.000000	0	0
000001	100	平安银行	3824	2	12.470000	11905	9286
000002	100	万 科Ａ	2925	2	6.470000	12015	9295
000004	100	*ST国华	143	2	9.020000	12123	8626
000006	100	深振业Ａ	908	2	6.350000	11921	9091
000007	100	全新好	270	2	7.120000	11926	9090
000008	100	神州高铁	1339	2	2.790000	12119	9240
000009	100	中国宝安	831	2	9.090000	12105	9320
000010	100	美丽生态	3951	2	4.220000	12084	9330
000011	100	深物业A	233	2	8.710000	12021	9091
000012	100	南 玻Ａ	494	2	4.780000	12107	9329
000014	100	沙河股份	287	2	12.660000	11918	9091
000016	100	深康佳Ａ	1444	2	4.990000	12021	9091
000017	100	深中华A	297	2	6.360000	11925	8641
000019	100	深粮控股	241	2	6.920000	12114	9291
000020	100	深华发Ａ	199	2	14.080000	11910	6544
000021	100	深科技	1025	2	18.750000	12113	9287
000025	100	特 力Ａ	209	2	17.160000	11916	9271
000026	100	飞亚达	1202	2	18.870001	12095	9272
000027	100	深圳能源	630	2	6.570000	12125	9288
000028	100	国药一致	153	2	25.559999	11916	9299
000029	100	深深房Ａ	247	2	20.620001	11922	8571
000030	100	富奥股份	475	2	6.120000	12097	9302
000031	100	大悦城	1045	2	3.050000	12113	9344
000032	100	深桑达Ａ	2847	2	24.770000	12013	9294
000034	100	神州数码	1926	2	40.930000	12121	9251
000035	100	中国天楹	567	2	4.300000	11925	9341
000036	100	华联控股	555	2	3.620000	12105	9337
000037	100	深南电A	398	2	9.420000	11926	9244
000039	100	中集集团	1276	2	8.140000	11925	9317
000042	100	中洲控股	253	2	8.660000	12123	9247
000045	100	深纺织Ａ	289	2	10.980000	11922	9273
000048	100	京基智农	312	2	16.209999	11916	9244
000049	100	德赛电池	161	2	23.200001	12119	9273
000050	100	深天马Ａ	694	2	9.440000	12121	9237
000055	100	方大集团	335	2	4.210000	11910	9271
000056	100	皇庭国际	1492	2	3.010000	11926	9231
000058	100	深 赛 格	1019	2	9.000000	12121	9271
000059	100	华锦股份	737	2	5.350000	12121	9293
000060	100	中金岭南	1761	2	4.890000	12052	9314
000061	100	农 产 品	397	2	6.620000	12121	9286
000062	100	深圳华强	589	2	26.410000	12099	9250
000063	100	中兴通讯	2485	2	34.189999	12119	9231
000065	100	北方国际	798	2	11.450000	12021	9299
000066	100	中国长城	3165	2	15.320000	12097	9182
000068	100	华控赛格	866	2	3.500000	11917	7049
000069	100	华侨城Ａ	1986	2	2.310000	12095	9219
000070	100	特发信息	2434	2	8.560000	12098	9243
000078	100	海王生物	2588	2	2.690000	11924	9091
000088	100	盐 田 港	572	2	4.590000	11971	9279
000089	100	深圳机场	567	2	7.240000	11916	9301
000090	100	天健集团	905	2	3.510000	11924	9317
000096	100	广聚能源	287	2	12.110000	11926	9316
000099	100	中信海直	1685	2	23.080000	11924	9266
000100	100	TCL科技	12217	2	4.460000	12100	9338
000151	100	中成股份	135	2	12.810000	12123	8924
000153	100	丰原药业	1269	2	7.010000	11916	9273
000155	100	川能动力	474	2	10.080000	11926	9249
000156	100	华数传媒	476	2	8.290000	12097	9091
000157	100	中联重科	2373	2	7.410000	12121	9328
000158	100	常山北明	3164	2	23.799999	12119	9250
000159	100	国际实业	460	2	5.740000	12113	9337
000166	100	申万宏源	2847	2	5.380000	11927	9349
000301	100	东方盛虹	385	2	8.890000	12052	9314
000333	100	美的集团	917	2	71.480003	12098	9337
000338	100	潍柴动力	1365	2	15.160000	12055	9331
000400	100	许继电气	631	2	23.049999	12119	9313
000401	100	冀东水泥	605	2	4.970000	12026	9314
000402	100	金 融 街	856	2	2.950000	12119	9250
000403	100	派林生物	567	2	18.400000	12037	9306
000404	100	长虹华意	609	2	7.300000	12122	9349
000407	100	胜利股份	618	2	3.540000	11918	9312
000408	100	藏格矿业	432	2	50.419998	12114	9345
000409	100	云鼎科技	2875	2	12.850000	11914	9245
000410	100	沈阳机床	632	2	6.720000	12099	9305
000411	100	英特集团	204	2	11.150000	12119	9315
000415	100	渤海租赁	2779	2	3.430000	12021	9224
000417	100	合百集团	631	2	5.610000	11926	9315
000419	100	通程控股	302	2	5.810000	12119	9344
000420	100	吉林化纤	3084	2	4.190000	11916	9246
000421	100	南京公用	277	2	6.680000	12107	9280
000422	100	湖北宜化	1044	2	13.250000	12082	9329
000423	100	东阿阿胶	241	2	51.270000	12092	9333
000425	100	徐工机械	3613	2	8.640000	12097	9313
000426	100	兴业银锡	1743	2	18.900000	12121	9249
000428	100	华天酒店	560	2	3.350000	11912	9244
000429	100	粤高速Ａ	197	2	12.590000	11926	9316
000430	100	ST张家界	180	2	7.190000	11898	7412
000488	100	ST晨鸣	1812	2	2.370000	11926	9222
000498	100	山东路桥	683	2	6.050000	12056	9323
000501	100	武商集团	1513	2	10.620000	11926	9287
000503	100	国新健康	988	2	11.000000	12013	9294
000504	100	*ST生物	217	2	11.370000	12067	9321
000505	100	京粮控股	374	2	6.740000	12113	9286
000506	100	招金黄金	1049	2	10.630000	12121	8272
000507	100	珠海港	418	2	5.520000	12119	9296
000509	100	华塑控股	449	2	3.490000	12119	9091
000510	100	新金路	1535	2	5.320000	12121	9194
000513	100	丽珠集团	504	2	40.180000	11956	9289
000514	100	渝 开 发	873	2	5.550000	12021	9091
000516	100	国际医学	1079	2	5.420000	12022	9299
000517	100	荣安地产	1073	2	1.870000	11924	9091
000518	100	*ST四环	474	2	2.340000	11926	6544
000519	100	中兵红箭	3935	2	22.320000	12113	9091
000520	100	凤凰航运	512	2	4.750000	12107	7412
000521	100	长虹美菱	512	2	7.270000	11911	9287
000523	100	红棉股份	590	2	3.320000	12123	9222
000524	100	岭南控股	627	2	12.340000	11925	9294
000525	100	红太阳	1118	2	6.900000	11921	9091
000526	100	学大教育	143	2	53.900002	12098	9337
000528	100	柳 工	2342	2	11.370000	12114	9345
000529	100	广弘控股	219	2	6.240000	11922	9301
000530	100	冰山冷热	909	2	6.340000	12113	9316
000531	100	穗恒运Ａ	391	2	6.430000	11926	9293
000532	100	华金资本	276	2	15.510000	11916	9289
000533	100	顺钠股份	4076	2	7.560000	11926	7412
000534	100	万泽股份	2343	2	15.680000	12121	9347
000536	100	华映科技	7034	2	5.240000	12113	7928
000537	100	中绿电	413	2	8.690000	11924	9301
000538	100	云南白药	458	2	55.840000	11924	9244
000539	100	粤电力Ａ	566	2	4.710000	11926	9301
000541	100	佛山照明	531	2	6.450000	11995	9313
000543	100	皖能电力	887	2	7.100000	12105	9299
000544	100	中原环保	182	2	8.540000	11918	9279
000545	100	金浦钛业	1210	2	2.750000	12122	7874
000546	100	金圆股份	797	2	5.240000	11926	9246
000547	100	航天发展	2228	2	8.510000	12108	8573
000548	100	湖南投资	313	2	5.610000	12113	9287
000550	100	江铃汽车	130	2	21.139999	12093	9091
000551	100	创元科技	642	2	11.680000	12055	9309
000552	100	甘肃能化	1513	2	2.550000	12119	9316
000553	100	安道麦A	275	2	6.890000	12123	9204
000554	100	泰山石油	681	2	6.880000	12113	9299
000555	100	神州信息	799	2	13.050000	11918	9219
000557	100	西部创业	402	2	5.540000	11916	9315
000558	100	天府文旅	13004	2	5.960000	12021	9091
000559	100	万向钱潮	1507	2	7.800000	11921	9285
000560	100	我爱我家	2941	2	2.980000	12053	9306
000561	100	烽火电子	1984	2	10.380000	12051	9309
000563	100	陕国投Ａ	2033	2	3.590000	12113	9279
000564	100	供销大集	6953	2	2.280000	12105	9124
000565	100	渝三峡Ａ	521	2	8.600000	11916	9308
000566	100	海南海药	1971	2	6.310000	12121	9091
000567	100	海德股份	728	2	6.480000	12124	9091
000568	100	泸州老窖	310	2	123.809998	11923	9345
000570	100	苏常柴Ａ	329	2	5.940000	12113	9265
000571	100	新大洲A	641	2	4.690000	12107	9250
000572	100	海马汽车	2355	2	4.680000	12113	9243
000573	100	粤宏远Ａ	574	2	4.120000	11926	9288
000576	100	甘化科工	1469	2	12.770000	12099	9091
000581	100	威孚高科	1010	2	20.209999	12068	9322
000582	100	北部湾港	457	2	8.230000	12052	9314
000586	100	汇源通信	672	2	12.630000	11926	4239
000589	100	贵州轮胎	660	2	4.570000	12099	9312
000590	100	启迪药业	321	2	11.600000	11922	9218
000591	100	太阳能	924	2	4.510000	12056	9315
000592	100	平潭发展	1374	2	2.990000	12123	9034
000593	100	德龙汇能	293	2	6.590000	11918	9091
000595	100	*ST宝实	329	2	4.820000	12111	9247
000596	100	古井贡酒	96	2	138.860001	12121	9300
000597	100	东北制药	1418	2	5.770000	12119	9299
000598	100	兴蓉环境	806	2	7.090000	12065	9320
000599	100	青岛双星	444	2	5.090000	11926	9218
000600	100	建投能源	748	2	7.280000	11925	9293
000601	100	韶能股份	1011	2	5.330000	12120	9249
000603	100	盛达资源	555	2	16.030001	12123	9292
000605	100	渤海股份	249	2	7.350000	11916	9301
000607	100	华媒控股	977	2	4.700000	11926	9240
000608	100	*ST阳光	391	2	1.850000	11925	9240
000609	100	ST中迪	313	2	3.280000	12079	9244
000610	100	西安旅游	281	2	12.600000	11904	9138
000612	100	焦作万方	865	2	8.700000	12119	9271
000615	100	*ST美谷	289	2	3.060000	11926	9250
000617	100	中油资本	8618	2	8.370000	11926	9307
000619	100	海螺新材	235	2	6.410000	11916	9091
000620	100	盈新发展	1900	2	1.640000	12037	9250
000623	100	吉林敖东	601	2	19.110001	11926	9314
000625	100	长安汽车	2794	2	12.870000	11919	9328
000626	100	远大控股	270	2	7.250000	12114	9345
000627	100	*ST天茂	6842	2	1.450000	12111	9267
000628	100	高新发展	330	2	46.320000	12114	9335
000629	100	钒钛股份	2676	2	2.700000	12123	9250
000630	100	铜陵有色	19829	2	4.020000	12052	9313
000631	100	顺发恒业	437	2	3.070000	12119	9091
000632	100	三木集团	570	2	4.080000	12113	8638
000633	100	合金投资	697	2	6.370000	11902	9229
000635	100	英 力 特	212	2	9.100000	12113	9246
000636	100	风华高科	397	2	13.990000	12065	9315
000637	100	茂化实华	436	2	4.260000	11967	9091
000638	100	*ST万方	410	2	4.130000	11925	9250
000639	100	西王食品	817	2	3.220000	12021	9224
000650	100	仁和药业	1569	2	5.770000	11924	9291
000651	100	格力电器	1035	2	47.000000	11922	9260
000652	100	泰达股份	567	2	4.420000	12085	9302
000655	100	金岭矿业	483	2	8.390000	12114	9327
000656	100	*ST金科	1835	2	1.400000	11925	9250
000657	100	中钨高新	3967	2	16.180000	11925	9293
000659	100	珠海中富	2429	2	3.040000	11926	7412
000661	100	长春高新	244	2	104.459999	11908	9308
000663	100	永安林业	267	2	7.110000	12122	9221
000665	100	湖北广电	6129	2	6.240000	12123	9091
000668	100	*ST荣控	136	2	9.290000	12125	8768
000669	100	ST金鸿	765	2	3.300000	12099	8153
000670	100	盈方微	2912	2	8.440000	11926	9243
000672	100	上峰水泥	681	2	9.270000	12119	9271
000676	100	智度股份	915	2	8.800000	11925	9250
000677	100	恒天海龙	770	2	5.470000	11916	6811
000678	100	襄阳轴承	1823	2	16.410000	12121	7144
000679	100	大连友谊	730	2	8.910000	11926	7910
000680	100	山推股份	1326	2	10.110000	12016	9320
000681	100	视觉中国	2095	2	21.450001	11914	9245
000682	100	东方电子	409	2	10.400000	11924	9313
000683	100	博源化工	2403	2	5.620000	12125	9292
000685	100	中山公用	543	2	9.640000	12119	9320
000686	100	东北证券	803	2	8.310000	12113	9273
000688	100	国城矿业	387	2	14.100000	12106	9314
000690	100	宝新能源	1223	2	4.730000	12113	9273
000691	100	*ST亚太	1074	2	6.980000	12123	7872
000692	100	惠天热电	374	2	3.800000	11926	9250
000695	100	滨海能源	173	2	11.910000	12049	9240
000697	100	ST炼石	200	2	8.080000	11926	9239
000698	100	沈阳化工	565	2	4.070000	12021	8519
000700	100	模塑科技	1436	2	7.910000	11926	9146
000701	100	厦门信达	1349	2	6.240000	11915	9240
000702	100	正虹科技	371	2	7.660000	11922	9091
000703	100	恒逸石化	358	2	5.950000	12070	9323
000705	100	浙江震元	691	2	9.370000	11925	9303
000707	100	双环科技	304	2	6.580000	11926	9292
000708	100	中信特钢	589	2	12.800000	12052	9314
000709	100	河钢股份	3344	2	2.420000	12049	9321
000710	100	贝瑞基因	1953	2	15.620000	11922	9246
000711	100	*ST京蓝	765	2	1.700000	12021	9125
000712	100	锦龙股份	1518	2	14.460000	11926	9249
000713	100	丰乐种业	649	2	7.280000	12113	9264
000715	100	中兴商业	391	2	6.170000	12113	9273
000716	100	黑芝麻	1484	2	6.540000	12113	9246
000717	100	中南股份	1882	2	2.940000	11914	9245
000718	100	苏宁环球	928	2	2.160000	12099	9331
000719	100	中原传媒	270	2	13.100000	12113	9302
000720	100	新能泰山	405	2	3.600000	12121	8643
000721	100	西安饮食	281	2	8.500000	12113	9155
000722	100	湖南发展	331	2	12.440000	12095	9293
000723	100	美锦能源	1629	2	4.610000	12052	9314
000725	100	京东方Ａ	12699	2	4.030000	12022	9301
000726	100	鲁 泰Ａ	305	2	6.990000	12053	9314
000727	100	冠捷科技	2828	2	2.460000	12119	8780
000728	100	国元证券	1589	2	8.610000	12119	9302
000729	100	燕京啤酒	851	2	12.920000	12119	9334
000731	100	四川美丰	404	2	7.080000	12113	9289
000733	100	振华科技	685	2	49.009998	11914	9294
000735	100	罗 牛 山	802	2	6.290000	12113	9322
000736	100	*ST中地	419	2	5.020000	12105	9140
000737	100	北方铜业	2311	2	11.080000	12113	9330
000738	100	航发控制	694	2	21.490000	12113	9300
000739	100	普洛药业	640	2	15.670000	12034	9305
000750	100	国海证券	3140	2	4.250000	12079	9275
000751	100	锌业股份	1189	2	3.400000	11916	9091
000752	100	ST西发	261	2	10.130000	12030	7858
000753	100	漳州发展	1538	2	5.400000	11918	9320
000755	100	山西高速	241	2	4.990000	11916	9293
000756	100	新华制药	820	2	16.400000	11925	9322
000757	100	浩物股份	522	2	5.030000	12113	8634
000758	100	中色股份	2881	2	6.220000	12119	9301
000759	100	中百集团	598	2	7.430000	12121	9247
000761	100	本钢板材	746	2	3.840000	12055	9315
000762	100	西藏矿业	587	2	22.180000	12113	9294
000766	100	通化金马	1059	2	22.219999	11908	9239
000767	100	晋控电力	977	2	3.000000	12110	9091
000768	100	中航西飞	1664	2	28.799999	12113	9295
000776	100	广发证券	2571	2	19.559999	11926	9306
000777	100	中核科技	461	2	21.320000	11925	9312
000778	100	新兴铸管	1241	2	3.760000	11924	9309
000779	100	甘咨询	213	2	9.480000	12121	9287
000782	100	恒申新材	341	2	4.750000	11916	9091
000783	100	长江证券	2409	2	7.460000	11925	9287
000785	100	居然智家	4857	2	2.960000	11926	9251
000786	100	北新建材	529	2	26.219999	12114	9287
000788	100	北大医药	1045	2	6.810000	12125	9292
000789	100	万年青	489	2	6.190000	11924	9315
000790	100	华神科技	1747	2	4.210000	11925	9250
000791	100	甘肃能源	510	2	6.620000	12049	9312
000792	100	盐湖股份	1915	2	18.480000	11914	9219
000793	100	ST华闻	601	2	2.640000	12114	8507
000795	100	英洛华	1766	2	11.550000	11905	9266
000796	100	凯撒旅业	6638	2	5.010000	11914	9120
000797	100	中国武夷	723	2	2.720000	11926	9240
000798	100	中水渔业	554	2	8.230000	12123	9091
000799	100	酒鬼酒	331	2	49.340000	11926	9336
000800	100	一汽解放	440	2	7.050000	12008	9292
000801	100	四川九洲	2498	2	17.629999	11926	9288
000802	100	北京文化	2641	2	6.080000	12114	8516
000803	100	山高环能	930	2	6.840000	12003	9244
000807	100	云铝股份	1257	2	16.240000	11914	9301
000809	100	和展能源	493	2	2.950000	12078	7412
000810	100	创维数字	514	2	11.710000	12113	9288
000811	100	冰轮环境	2492	2	12.640000	11983	9273
000812	100	陕西金叶	817	2	4.740000	11916	9329
000813	100	德展健康	9770	2	4.170000	12112	9344
000815	100	美利云	1230	2	13.410000	12049	7412
000816	100	智慧农业	1005	2	3.170000	12095	9218
000818	100	航锦科技	832	2	22.110001	12000	9288
000819	100	岳阳兴长	244	2	16.350000	12095	9335
000820	100	*ST节能	345	2	2.760000	12114	9345
000821	100	京山轻机	512	2	11.700000	11921	9312
000822	100	山东海化	805	2	6.020000	11918	9091
000823	100	超声电子	1088	2	12.660000	12052	9314
000825	100	太钢不锈	1523	2	4.220000	11922	9249
000826	100	启迪环境	1652	2	1.980000	12091	9250
000828	100	东莞控股	207	2	11.270000	12113	9259
000829	100	天音控股	613	2	10.320000	11969	9295
000830	100	鲁西化工	1137	2	12.100000	12057	9316
000831	100	中国稀土	2073	2	42.830002	12119	9091
000833	100	粤桂股份	486	2	12.120000	11922	9293
000837	100	秦川机床	2202	2	13.120000	11987	9280
000838	100	财信发展	1041	2	2.990000	11926	8642
000839	100	国安股份	1178	2	2.710000	12119	7844
000848	100	承德露露	436	2	8.790000	12093	9278
000850	100	华茂股份	565	2	4.560000	11926	9340
000851	100	*ST高鸿	1249	2	2.230000	12121	9250
000852	100	石化机械	574	2	6.960000	12121	9308
000856	100	冀东装备	642	2	11.960000	11916	5659
000858	100	五 粮 液	486	2	122.550003	11919	9323
000859	100	国风新材	885	2	7.090000	11926	9205
000860	100	顺鑫农业	270	2	15.850000	11912	9289
000862	100	银星能源	394	2	5.590000	11914	9091
000863	100	三湘印象	733	2	3.560000	11910	9243
000868	100	安凯客车	613	2	5.840000	12113	9091
000869	100	张 裕Ａ	51	2	21.650000	11916	9294
000875	100	吉电股份	955	2	5.180000	12113	9293
000876	100	新 希 望	853	2	9.720000	12119	9329
000877	100	天山股份	864	2	5.270000	11927	9251
000878	100	云南铜业	1556	2	13.430000	12121	9273
000880	100	潍柴重机	511	2	41.730000	11926	9150
000881	100	中广核技	386	2	7.990000	12099	9312
000882	100	华联股份	2511	2	1.960000	11923	9249
000883	100	湖北能源	453	2	4.590000	12120	9348
000885	100	城发环境	156	2	14.120000	12119	9301
000886	100	海南高速	795	2	6.680000	12119	9105
000887	100	中鼎股份	2553	2	18.690001	12041	9301
000888	100	峨眉山Ａ	634	2	13.940000	12124	9322
000889	100	中嘉博创	2976	2	4.080000	11927	7909
000890	100	法尔胜	1286	2	4.380000	12119	8640
000892	100	欢瑞世纪	1673	2	4.710000	12093	9231
000893	100	亚钾国际	384	2	31.450001	11914	9245
000895	100	双汇发展	331	2	25.010000	12113	9243
000897	100	津滨发展	1597	2	2.460000	11924	9330
000898	100	鞍钢股份	2548	2	2.770000	11939	9221
000899	100	赣能股份	621	2	9.390000	11925	9291
000900	100	现代投资	429	2	4.310000	11925	9272
000901	100	航天科技	3942	2	15.410000	11926	9091
000902	100	新洋丰	505	2	14.600000	12125	9315
000903	100	ST云动	2492	2	3.030000	12070	9323
000905	100	厦门港务	814	2	8.490000	11926	9288
000906	100	浙商中拓	371	2	6.520000	12049	9308
000908	100	ST景峰	566	2	5.940000	11925	9250
000909	100	ST数源	136	2	6.460000	12021	9091
000910	100	大亚圣象	343	2	7.720000	11918	9259
000911	100	广农糖业	257	2	7.580000	12119	9130
000912	100	泸天化	351	2	4.540000	11926	7412
000913	100	钱江摩托	305	2	16.530001	12113	9330
000915	100	华特达因	525	2	35.189999	12125	9285
000917	100	电广传媒	1067	2	7.710000	11918	9329
000919	100	金陵药业	1248	2	7.390000	12113	9314
000920	100	沃顿科技	213	2	11.080000	12121	9294
000921	100	海信家电	594	2	25.379999	12110	9343
000922	100	佳电股份	445	2	11.580000	12119	9264
000923	100	河钢资源	296	2	14.030000	11916	9301
000925	100	众合科技	523	2	8.030000	11926	9245
000926	100	福星股份	3110	2	2.810000	12125	9250
000927	100	中国铁物	1567	2	2.680000	12113	9303
000928	100	中钢国际	867	2	6.290000	11914	9288
000929	100	*ST兰黄	110	2	8.180000	12119	7412
000930	100	中粮科技	464	2	5.890000	12119	9248
000931	100	中 关 村	710	2	5.560000	12035	9305
000932	100	华菱钢铁	3575	2	5.820000	11926	9302
000933	100	神火股份	1009	2	18.420000	12123	9342
000935	100	四川双马	562	2	19.760000	11925	9091
000936	100	华西股份	583	2	7.250000	11925	9301
000937	100	冀中能源	687	2	6.250000	12119	9288
000938	100	紫光股份	1997	2	24.750000	12121	9286
000948	100	南天信息	427	2	20.000000	11925	9308
000949	100	新乡化纤	1744	2	4.030000	12097	9218
000950	100	重药控股	724	2	5.290000	12063	9294
000951	100	中国重汽	409	2	18.059999	11926	9300
000952	100	广济药业	343	2	6.890000	12096	9336
000953	100	河化股份	1547	2	8.100000	11925	8223
000955	100	欣龙控股	563	2	4.860000	12113	9224
000957	100	中通客车	361	2	11.050000	11918	9315
000958	100	电投产融	1089	2	6.690000	11918	9307
000959	100	首钢股份	1624	2	4.160000	11902	9294
000960	100	锡业股份	811	2	18.040001	12119	9250
000962	100	东方钽业	412	2	17.420000	12119	9299
000963	100	华东医药	495	2	43.040001	11916	9279
000965	100	天保基建	1312	2	4.180000	11922	9294
000966	100	长源电力	866	2	4.570000	12113	9319
000967	100	盈峰环境	1784	2	6.920000	11916	9330
000968	100	蓝焰控股	509	2	7.210000	11916	9315
000969	100	安泰科技	1029	2	13.510000	11951	9294
000970	100	中科三环	2294	2	14.040000	12113	9272
000972	100	*ST中基	1222	2	3.770000	12091	5290
000973	100	佛塑科技	596	2	6.670000	12119	9293
000975	100	山金国际	1249	2	18.850000	11926	9271
000977	100	浪潮信息	2005	2	54.700001	12119	9268
000978	100	桂林旅游	281	2	6.400000	12113	9292
000980	100	众泰汽车	14782	2	2.360000	12041	9308
000981	100	山子高科	8441	2	2.060000	12100	9338
000983	100	山西焦煤	3082	2	7.350000	12119	9319
000985	100	大庆华科	55	2	18.969999	11918	9294
000987	100	越秀资本	1078	2	7.410000	12065	9308
000988	100	华工科技	1431	2	49.599998	11917	9296
000989	100	九芝堂	1538	2	11.360000	11914	9249
000990	100	诚志股份	441	2	7.770000	12125	9282
000993	100	闽东电力	367	2	10.560000	12119	9091
000995	100	皇台酒业	314	2	14.440000	12121	7858
000997	100	新 大 陆	590	2	29.330000	12113	9306
000998	100	隆平高科	556	2	10.090000	11952	9328
000999	100	华润三九	683	2	31.629999	12123	9299
001201	100	东瑞股份	99	2	17.180000	12049	9312
001202	100	炬申股份	157	2	14.070000	12123	9293
001203	100	大中矿业	542	2	11.770000	12054	9315
001205	100	盛航股份	106	2	16.480000	11918	9314
001206	100	依依股份	195	2	25.700001	12113	9273
001207	100	联科科技	314	2	26.120001	11926	9215
001208	100	华菱线缆	957	2	13.070000	11922	9275
001209	100	洪兴股份	102	2	18.400000	11926	9289
001210	100	金房能源	201	2	15.290000	12001	9281
001211	100	双枪科技	54	2	24.350000	12119	9308
001212	100	中旗新材	292	2	42.889999	12097	9336
001213	100	中铁特货	742	2	4.270000	11924	9302
001215	100	千味央厨	82	2	28.780001	11918	9245
001216	100	华瓷股份	679	2	14.340000	11922	9288
001217	100	华尔泰	180	2	11.780000	12113	9265
001218	100	丽臣实业	66	2	19.299999	12113	9338
001219	100	青岛食品	123	2	14.310000	12023	9302
001221	100	悍高集团	633	2	46.130001	12107	9341
001222	100	源飞宠物	208	2	21.209999	11918	9301
001223	100	欧克科技	77	2	46.340000	11973	9271
001225	100	和泰机电	64	2	40.119999	11910	9267
001226	100	拓山重工	198	2	35.689999	12049	9312
001227	100	兰州银行	3409	2	2.480000	12009	9328
001228	100	永泰运	88	2	25.980000	12113	9286
001229	100	魅视科技	66	2	34.230000	12125	9350
001230	100	劲旅环境	179	2	23.049999	11916	9288
001231	100	农心科技	60	2	21.660000	11922	9337
001234	100	泰慕士	259	2	23.780001	12105	9340
001236	100	弘业期货	674	2	12.170000	12124	9350
001238	100	浙江正特	38	2	42.730000	12113	9091
001239	100	永达股份	251	2	17.049999	12093	9286
001255	100	博菲电气	60	2	33.849998	12049	9298
001256	100	炜冈科技	123	2	22.629999	11925	9274
001258	100	立新能源	273	2	7.080000	12120	9348
001259	100	利仁科技	46	2	27.410000	11916	9271
001260	100	坤泰股份	63	2	20.340000	12113	9274
001266	100	宏英智能	107	2	29.969999	11925	9281
001267	100	汇绿生态	1574	2	12.980000	12123	9274
001268	100	联合精密	144	2	31.100000	12050	9313
001269	100	欧晶科技	183	2	27.360001	12052	9314
001270	100	*ST铖昌	135	2	42.430000	12049	9294
001277	100	速达股份	103	2	53.340000	12113	9251
001278	100	一彬科技	103	2	18.389999	11926	9314
001279	100	强邦新材	43	2	40.000000	12119	9286
001282	100	三联锻造	259	2	21.240000	12123	9301
001283	100	豪鹏科技	259	2	74.599998	11946	9315
001286	100	陕西能源	894	2	9.470000	12051	9299
001287	100	中电港	699	2	20.680000	12113	9280
001288	100	运机集团	238	2	21.680000	12107	9341
001289	100	龙源电力	146	2	16.540001	11925	9154
001296	100	长江材料	132	2	20.430000	12113	9308
001298	100	好上好	805	2	32.160000	12125	9272
001299	100	美能能源	270	2	12.690000	12119	9243
001300	100	三柏硕	107	2	13.220000	11922	9300
001301	100	尚太科技	132	2	52.180000	12119	9278
001306	100	夏厦精密	244	2	96.410004	12110	9343
001308	100	康冠科技	95	2	23.530001	11982	9279
001309	100	德明利	298	2	87.889999	12123	9341
001311	100	多利科技	174	2	23.510000	12119	9281
001313	100	粤海饲料	288	2	7.920000	11925	9250
001314	100	亿道信息	149	2	47.750000	12028	9306
001316	100	润贝航科	151	2	36.299999	12105	9340
001317	100	三羊马	178	2	48.799999	12119	9314
001318	100	阳光乳业	1462	2	14.300000	12113	9293
001319	100	铭科精技	148	2	27.840000	12021	9294
001322	100	箭牌家居	161	2	8.880000	12098	9337
001323	100	慕思股份	37	2	32.049999	12106	9341
001324	100	长青科技	217	2	21.730000	12119	9274
001326	100	联域股份	40	2	35.650002	12119	9273
001328	100	登康口腔	140	2	46.209999	11910	9289
001330	100	博纳影业	899	2	4.900000	11938	8668
001331	100	胜通能源	1058	2	11.980000	12125	9279
001332	100	锡装股份	42	2	38.349998	12113	9264
001333	100	光华股份	73	2	21.780001	11926	9299
001335	100	信凯科技	78	2	39.209999	12113	9322
001336	100	楚环科技	52	2	23.620001	12119	9336
001337	100	四川黄金	321	2	23.990000	11925	9270
001338	100	永顺泰	173	2	11.780000	11922	9294
001339	100	智微智能	423	2	55.779999	12123	9349
001356	100	富岭股份	200	2	14.900000	12093	9334
001358	100	兴欣新材	96	2	24.879999	12113	9302
001359	100	平安电工	213	2	47.990002	11902	9301
001360	100	南矿集团	192	2	15.710000	11914	9271
001366	100	播恩集团	71	2	13.170000	12083	9091
001367	100	海森药业	410	2	24.719999	11965	9264
001368	100	通达创智	149	2	25.290001	12030	9303
001373	100	翔腾新材	40	2	32.869999	11918	9286
001376	100	百通能源	183	2	12.180000	11916	9224
001378	100	德冠新材	48	2	23.389999	12091	9287
001379	100	腾达科技	177	2	21.719999	12113	9278
001380	100	华纬科技	312	2	25.120001	12121	9265
001382	100	新亚电缆	136	2	21.520000	11908	9287
001387	100	雪祺电气	190	2	14.670000	11916	9306
001388	100	信通电子	116	2	46.990002	12049	9312
001389	100	广合科技	409	2	62.180000	11972	9275
001390	100	古麒绒材	156	2	24.690001	11987	9279
001391	100	国货航	732	2	6.790000	12043	9315
001395	100	亚联机械	37	2	45.650002	12119	9337
001400	100	江顺科技	45	2	60.270000	12113	9251
001696	100	宗申动力	1558	2	24.070000	11924	9292
001872	100	招商港口	111	2	20.450001	12024	9300
001896	100	豫能控股	965	2	5.550000	11926	9130
001914	100	招商积余	349	2	13.350000	12119	9349
001965	100	招商公路	473	2	11.430000	11924	9337
001979	100	招商蛇口	1891	2	8.870000	11926	9323
002001	100	新 和 成	959	2	22.389999	11924	9293
002003	100	伟星股份	211	2	10.960000	11924	9265
002004	100	华邦健康	885	2	4.450000	11912	9244
002005	100	ST德豪	906	2	2.820000	11925	9250
002006	100	精工科技	457	2	16.980000	12039	9308
002007	100	华兰生物	825	2	16.650000	12113	9293
002008	100	大族激光	1629	2	29.129999	12054	9315
002009	100	天奇股份	1683	2	17.719999	11924	9246
002010	100	传化智联	1879	2	6.010000	11926	9279
002011	100	盾安环境	605	2	12.100000	11918	9239
002012	100	凯恩股份	2747	2	6.530000	12123	9267
002014	100	永新股份	120	2	11.620000	11914	9236
002015	100	协鑫能科	1795	2	11.380000	11925	9317
002016	100	世荣兆业	283	2	5.600000	11914	9320
002017	100	东信和平	5268	2	30.719999	11912	9288
002019	100	亿帆医药	1391	2	14.940000	12091	9273
002020	100	京新药业	1896	2	18.490000	11922	9273
002021	100	中捷资源	1271	2	2.450000	12042	9309
002022	100	科华生物	1735	2	7.950000	12052	9314
002023	100	海特高新	1032	2	11.380000	11914	9091
002024	100	ST易购	365	2	1.900000	11926	9219
002025	100	航天电器	207	2	50.889999	12030	9315
002026	100	山东威达	1817	2	13.400000	12066	9321
002027	100	分众传媒	5232	2	7.750000	11924	9091
002028	100	思源电气	273	2	77.779999	12071	9309
002029	100	七 匹 狼	771	2	7.380000	11918	9302
002030	100	达安基因	3492	2	7.260000	12113	9091
002031	100	巨轮智能	5606	2	8.300000	11926	9246
002032	100	苏 泊 尔	46	2	51.279999	12095	9269
002033	100	丽江股份	372	2	8.740000	11904	9267
002034	100	旺能环境	124	2	17.379999	12054	9323
002035	100	华帝股份	359	2	6.470000	12113	9301
002036	100	联创电子	1233	2	10.920000	12119	9314
002037	100	保利联合	2185	2	12.140000	12021	8251
002038	100	双鹭药业	1456	2	8.080000	12021	9308
002039	100	黔源电力	127	2	15.850000	12113	9301
002040	100	南 京 港	337	2	9.630000	12122	9327
002041	100	登海种业	381	2	10.100000	12119	9271
002042	100	华孚时尚	3280	2	5.170000	11919	9101
002043	100	兔 宝 宝	307	2	10.170000	12124	9350
002044	100	美年健康	6838	2	5.330000	12111	9309
002045	100	国光电器	1603	2	16.430000	11925	9250
002046	100	国机精工	1607	2	28.230000	12119	9287
002047	100	*ST宝鹰	616	2	2.140000	12099	9246
002048	100	宁波华翔	1666	2	21.549999	11921	9321
002049	100	紫光国微	1520	2	76.699997	12119	9327
002050	100	三花智控	2578	2	27.370001	12106	9341
002051	100	中工国际	370	2	8.560000	11917	9315
002052	100	同洲电子	850	2	10.070000	12109	9341
002053	100	云南能投	166	2	10.690000	12113	9272
002054	100	德美化工	239	2	7.190000	11926	9244
002055	100	得润电子	1645	2	7.480000	11925	9250
002056	100	横店东磁	1085	2	15.970000	11909	9273
002057	100	中钢天源	1427	2	10.250000	12052	9314
002058	100	*ST威尔	84	2	14.100000	11925	9250
002059	100	云南旅游	325	2	5.140000	12119	9152
002060	100	广东建工	668	2	3.650000	12113	9273
002061	100	浙江交科	1396	2	4.080000	12113	9280
002062	100	宏润建设	1387	2	5.270000	12007	9291
002063	100	远光软件	1807	2	6.440000	11916	9312
002064	100	华峰化学	921	2	7.590000	11918	9261
002065	100	东华软件	3206	2	9.540000	11926	9314
002066	100	瑞泰科技	160	2	12.360000	12070	9323
002067	100	景兴纸业	3590	2	4.500000	12052	9314
002068	100	黑猫股份	1958	2	11.820000	12111	9246
002069	100	獐子岛	403	2	4.250000	11916	9091
002072	100	凯瑞德	595	2	7.140000	11917	9246
002073	100	软控股份	882	2	8.690000	12121	9334
002074	100	国轩高科	1351	2	29.059999	12097	9323
002075	100	沙钢股份	4177	2	6.580000	11915	9294
002076	100	*ST星光	3168	2	1.960000	11926	9249
002077	100	大港股份	661	2	14.650000	12123	8517
002078	100	太阳纸业	709	2	14.470000	11926	9315
002079	100	苏州固锝	635	2	10.170000	12000	9288
002080	100	中材科技	1634	2	26.420000	11915	9273
002081	100	金 螳 螂	739	2	3.640000	11925	9279
002082	100	万邦德	898	2	7.240000	11938	9257
002083	100	孚日股份	474	2	4.980000	11910	9264
002084	100	海鸥住工	654	2	3.640000	11924	9155
002085	100	万丰奥威	1753	2	16.610001	11925	9292
002086	100	东方海洋	1907	2	2.860000	12065	9320
002088	100	鲁阳节能	130	2	11.190000	12051	9313
002090	100	金智科技	460	2	9.920000	12113	9287
002091	100	江苏国泰	448	2	7.320000	12071	9314
002092	100	中泰化学	1062	2	4.670000	12124	9205
002093	100	国脉科技	939	2	12.220000	12021	9321
002094	100	青岛金王	1603	2	8.720000	11926	7546
002095	100	生 意 宝	259	2	20.410000	11925	9280
002096	100	易普力	593	2	13.890000	12121	9331
002097	100	山河智能	12357	2	15.750000	12123	9320
002098	100	浔兴股份	250	2	9.440000	12122	9305
002099	100	海翔药业	679	2	6.060000	12119	9250
002100	100	天康生物	805	2	6.450000	12113	9279
002101	100	广东鸿图	299	2	12.660000	11925	9313
002102	100	能特科技	2205	2	4.150000	12114	9345
002103	100	广博股份	571	2	10.450000	11924	9091
002104	100	恒宝股份	6800	2	19.410000	12011	9293
002105	100	信隆健康	674	2	7.770000	11919	9244
002106	100	莱宝高科	392	2	10.680000	11914	9293
002107	100	沃华医药	1722	2	7.020000	12092	9091
002108	100	沧州明珠	1217	2	3.620000	11919	9271
002109	100	兴化股份	470	2	3.510000	11914	9091
002110	100	三钢闽光	1289	2	4.720000	12113	9247
002111	100	威海广泰	422	2	10.960000	12119	9314
002112	100	三变科技	373	2	13.150000	12077	9322
002114	100	罗平锌电	387	2	7.290000	12124	7858
002115	100	三维通信	1597	2	8.580000	11922	9091
002116	100	中国海诚	190	2	10.550000	12101	9338